0.287031860287267
-0.372188136410655
-0.609756639809884
0.47107035259759
0.247819718224401
0.594686939359681
-1.06813044922203
-1.49647204827029
0.525847789480631
-0.175801063467587
-0.332318773296241
0.182133239181034
0.367226071410235
-0.0040124151374629
-0.245877099730827
0.310981104940884
0.0332959611063432
-0.501780693220499
-0.989647009670158
0.585212069987489
1.68603039158792
-1.17324717746532
-0.0797470173318031
0.179119188813699
0.390435779399571
0.208360712491691
-0.769191552848949
-1.0981154272453
-0.0811615251816269
1.31885541404764
-1.39875209573658
0.704369966159763
-0.278416130583906
-1.06635112448665
-0.593417998320081
0.675335976827622
-1.56923936133348
0.932380010409851
0.496418812544984
0.0354582149288891
1.64045601652572
1.20551001160779
-2.59727927547803
1.25547194430697
-0.0265567292648562
-0.941144860324822
0.590808353028224
-1.42223550273403
-0.644038614383014
-0.606512380455503
-0.28630761049714
1.03972534411018
0.346417083868691
-0.75762254566558
-1.33509236270409
-1.60739632502412
-0.309555220263963
2.72970984511345
0.910565465453194
-0.390497410065151
1.67357595654286
0.155586470697875
0.170191389570359
-0.0639037385738971
-1.67418670890631
-1.28086871795332
-0.0695689344324088
-0.573858691316832
-0.0867883456372014
-0.317838143734759
-0.0620905920871109
-1.3029463489087
-1.68512242963264
-0.910334262172436
-1.11660200817295
0.0797846626154579
0.0557209107853851
0.227342319750012
2.18624479892735
0.265589979285263
0.582835574326872
-0.259795911414407
1.21107242677962
2.18167357876291
-1.43185192207106
1.60114280256902
0.111034179536503
0.519079885859759
-0.97763850455867
-0.0806597130076444
-1.24413557220957
-1.11193443977499
-1.50724046948414
-1.00771961598521
1.12447904387903
-1.62874865035524
1.66221469886688
0.31190029651089
0.759288994154197
0.638008676981625
-0.740608937326285
0.610979777846974
-2.29479844022048
-0.215681298745633
0.0280658839785781
-0.665311929673394
-0.733477901289133
-1.05440370858393
0.366360998891684
0.378467979605447
0.884941014466621
-1.6103244710136
1.15511208941241
1.77115938761749
1.02657317906172
0.248986563901382
0.296035546555443
0.598142806637466
-1.01085566637574
-0.0406211994061002
0.779145558064963
-1.75070852722362
-0.254674111755846
-1.16467892521474
1.52064244531837
0.730764071344091
0.0673464242502319
-0.131983738029547
0.121548047849498
-0.517060694991643
0.412726402315725
-0.896820068738058
0.570580972632432
1.70912400612504
-0.901582569378514
0.0711433797636788
-0.229924326907836
-0.0645080066135094
0.852502058013613
-0.15498733648963
0.0706824418291777
1.04246113725471
1.28507723691775
3.22548627893143
-0.567199689696872
0.578628164888478
-0.736373012034891
-0.595719577689537
-0.10980829908716
1.10750509359127
-0.391661449509777
-1.07078329535219
2.78697730052327
-0.063443339193925
0.345159585715057
-1.28051243944091
-0.786350039332114
-0.540507003194933
0.242960565686789
-0.0446864592952278
-1.42747020359979
-1.56399373449267
0.245146320555311
0.0549793549712974
0.330885332716918
-0.236212616348818
0.196047949365945
1.08600195634445
-0.586862468349949
0.938669728186001
-0.273818368415748
-0.650830237868606
-1.78075235854904
-1.26468119955748
2.42589302584717
0.579416344573504
-2.05544753042819
1.59273823819165
-0.524450243966969
-0.295490613268016
0.0134123199977314
-2.03338181831812
1.596614240556
-0.0511410543756193
-0.228731040672121
0.284237580879571
1.09606040257866
0.275741049665894
0.527092808993662
0.420800560735498
-0.349356685728382
0.12628918987619
-0.151372480153006
1.27223844544254
-0.0460218803934767
-0.211327810751563
0.152812483071141
1.30361978230314
-0.667974902621616
-0.230277173202238
0.943599249031726
-1.55324125949572
-0.970654838443579
-0.1577884811342
0.793486265329844
-0.140487323557994
-1.30296664059342
0.533892777384908
-1.06185402576558
-0.295827245104869
1.07266943948203
-0.494230168804428
-2.56817365520866
1.69828687167014
-1.11370070619824
1.35327083400768
-0.196736066145458
0.215925841067736
-0.516553981765525
1.73662519465601
1.75608172574985
1.48353455395076
1.47332274619802
-2.4642924150331
-0.992469367793111
-0.481429134649927
0.179521416581291
-0.00955647211532055
-0.202683184641179
0.11236202129865
0.27680720348596
-0.740799561574655
1.52793592872079
-2.38200958666778
0.886484062174049
0.558583732924776
-0.943548264522884
0.39669871006554
-1.69029256353928
1.22826341825328
-0.457579845215148
1.14623588875012
1.00192685433046
0.100240987849248
-1.13998491114
-0.951732078624142
-0.235430620163827
2.55989718720185
-1.26087930056195
0.558764560646594
-0.129517547128905
0.420013512590039
0.401621817479754
0.689454024681367
0.523731142673985
0.342216598819865
-0.882095478371942
1.16702549412876
-0.564327232721367
0.190142532976073
-1.34024641968192
-0.930245637340859
2.5561577585951
-0.685395018534841
-0.403045164222856
-2.41227763090768
-0.215600220840071
-1.73797524558813
-1.30513884121829
0.60843529586893
-1.06512511268558
1.04765875706738
1.59643194656144
-1.30977385944702
-0.121175348125835
0.717522911663903
-1.18492743474532
0.311267831809755
-1.00102067543346
-0.251671496820726
-1.1670462186654
0.913977663318942
-0.261687910375442
0.771772532604936
0.0236422296298429
1.17271644909368
-0.120171208543634
0.3442728744981
0.700640393246699
-1.41400735860043
0.694932389699872
0.277429019512037
1.78285475788087
1.87826548438117
0.494429577728929
-0.837967709000213
2.24449813614998
0.0108268795874206
1.12663184250783
-0.292225270469124
0.896144766698744
-0.890819249676525
0.209548267478673
-1.35757584318361
-1.41753734630637
-0.270963760102486
2.25952323908164
-0.0894168846287811
0.502491866567651
0.481814335304106
-0.568294061152235
0.375370234083765
-2.13825610291717
-0.227858535325792
1.0337532964155
1.06279227985071
-1.97649236812909
-0.195128194400738
0.237793640042361
0.315890672361827
1.12182862972689
-1.4388464218763
0.316878756640032
0.608732507070743
-1.96939816893348
1.64179812267593
0.385837985342229
1.17158847463039
-0.77763795689298
0.426790182177899
0.555918753177168
2.67498087695059
-0.812951496441223
0.853213537953287
-1.06708135968513
-1.6657238268543
0.47550164928339
-0.00526289681119807
1.1860359129701
-0.144191156110078
-1.08693502327778
1.12111387604543
1.15470027548968
-0.510292626856817
0.102837601758029
0.949470868512202
-0.366416916319923
-0.163196368797616
-1.44857814779627
0.551895037009698
-0.282054542410996
-1.44147397955789
-0.654375283996637
0.132948058489469
0.384501321072724
-1.17320253218607
-0.6146915534129
0.648587765198132
0.44636990179168
-1.08317523798742
-0.141215365182406
0.949911331107636
-0.169682782233079
0.979142347091232
0.496308970780215
0.74038011901812
0.21449747493623
0.176311643227783
-1.17798590921204
-1.76125761379125
0.401649864954961
0.269758961982384
0.511196828340944
-0.0332629787468238
0.440779248698365
0.904062667410366
-0.549906736176705
-0.217436278383289
-1.33753079178327
0.261777749133415
0.169407454732575
0.00851422150244039
-0.00541176897405996
-0.15324194581526
0.267868016778685
0.0127134778239083
-2.10492625897341
-0.183611473857957
-0.67760808075251
0.488644979680657
0.691516674311313
-0.057497515712033
-0.0409629248717182
-0.611382747694177
0.829257432073407
-0.220204026018166
-1.27296479582169
0.115436538062648
1.05583857294469
-0.253481122525024
-2.1096338460917
0.297059698140873
0.387915099230661
-0.640776052414664
-1.1872881702294
0.580511035960868
1.15076213553285
0.118472361481944
1.34348088586003
-0.955035084572032
1.40270879504439
-0.98773621670281
0.540203511464281
0.591085987964453
-0.491147568546736
-0.323172818176561
-1.17049447444546
0.664972584695136
0.543330037107503
0.571453730413107
0.25141526591914
-0.445150423325534
0.0378852729949053
-0.889771407919922
0.975402551467661
0.973529014409777
-0.0340497706037285
1.73729650843431
0.557757429344349
-0.0137961616489341
1.76806390326976
0.61744111964624
1.03985751192583
-0.390004881507236
0.396849450601136
0.819171834598696
0.376600523729302
0.317391493552212
-1.80233653269043
1.45841168550314
-1.17974762486819
0.50274019899485
-0.865593982783639
-1.85139664906692
0.426408150452767
-0.235294910578217
-0.591491413670705
-0.927929040240033
1.59618848081034
-1.02706967373192
1.30638292053201
-0.165338532168733
2.09954446900844
-0.642008165471014
-0.118040307116514
0.0089404447081862
-1.30150769395444
-0.609969119876251
0.131147121424348
-0.113400082358781
0.253548769881732
0.0562181546843721
-0.608751905583438
0.524043472489823
-1.25604561562541
