0.663143391306272 0.391975593504556 1.19281491813616 2.37633641490128
0.76015908490342 1.01535891053674 1.27550922558825 1.39283886366883
0.251256432531661 1.47444761105009 -0.0198278952436419 -1.2463860002554
0.256552473495458 1.54624056077714 -0.00572613802282207 -1.24931217801301
-0.0981421785853876 -0.451472791248237 -0.465492967205383 -0.0927620150323729
0.1813586980692 1.51603378469904 -0.0547752022195631 -1.32691362793238
0.651833089425847 0.453832792046088 1.15345613122621 2.41435414641938
0.798408967184677 0.553861407670846 1.28441909371757 2.45171828503522
-0.129528981931846 1.17146317971878 0.154898182796028 -1.02342679952385
0.0332945453517986 1.41993393352973 -0.216470107790688 -1.3429511196501
0.830993557541168 0.550316316870396 1.31454549170219 2.47224947309455
0.424831616508995 0.718598337316195 0.0297650794323547 -0.593285849707404
0.243566763889438 1.51145794521259 0.00294293485458256 -1.26891550653058
0.98961709264074 0.717545616030592 1.41280364427859 2.42361437348422
-1.21957973322133 -2.24314101734092 -0.390895975055121 0.226981499691477
0.341487421287072 0.693170647748774 -0.0705917379092419 -0.623718894431706
1.11957382301948 0.33797456416937 1.04345504860032 0.496871425627134
-1.23765569674585 -0.627148673477768 -0.858699372402508 -1.1743878934649
0.00903905376666001 1.41418755805081 -0.229385640404601 -1.33848927225894
-0.129528981931846 1.17146317971878 0.154898182796028 -1.02342679952385
-1.45880634415054 -1.22186611367428 -1.28429213591841 -1.61682558069575
0.814363182853352 0.908098545822834 1.05864202170662 1.99479713499603
-0.947757074344778 -1.60324087700616 -0.727275053300995 -2.20370198326013
-1.23568412639055 -0.393256579467846 -0.999272661396502 -1.25936161499757
-1.57852454724719 -1.61376541740522 -1.1123101662518 -1.47185531613177
-1.61862819635387 1.40707303862169 -1.71868942936807 -2.21403666479536
-1.41805096070447 -0.872651954974059 -1.39053529299179 -0.881879476121182
0.228908797499032 1.35236105424705 0.449872404575464 1.9825233244729
1.62723968006448 1.13047556531029 1.38234729973675 0.262580395044833
0.754734062614947 -0.135857882564634 0.460076141071969 -0.981981393034176
-0.68662847890194 -1.30578819890935 -0.601568417755199 -2.17654239620595
0.600570046218793 -0.750149659020986 0.832089425329256 1.80663819868648
0.988106227976137 0.41344708902501 0.32005870408427 0.250875733801921
1.52843059748615 0.569130191313536 1.25369292053011 1.77358932446447
-1.70546899008197 1.568938467285 -1.77222839070737 -2.23096117790239
0.0509547534502233 -2.0420504023315 0.750418655739265 -0.138200594899191
-1.67798878756923 -1.57632987057509 -1.21776225770086 -1.48197378771982
0.244755336864035 1.31899825780531 0.464382347859285 2.03863105393298
0.289288957189582 -0.661250835271062 -0.00125949964208944 1.45431409991557
0.154582161127016 1.06187830815084 0.509920829266589 1.92386047776923
-1.70252752013095 -1.60252176539082 -1.15249699750244 -1.58418385790761
0.961001329954081 0.476099413262208 0.262464421114666 0.198404119538399
1.94682828688143 -0.12543088614963 2.27834395377193 2.46908832674828
-1.27247025117918 -0.870663835331869 -1.21368213223472 -0.877471192005299
-0.916262385934751 -1.20318305136281 -0.254334786285249 -1.28127849694667
1.06809013653239 1.07393279222033 0.190441797151151 0.0595627555334387
0.217212127376464 1.41972038564056 0.346238414591829 2.08515727943463
-0.147551288512262 0.946405851034635 0.282049197508397 -0.951181558273105
1.90091834294048 -0.0255404412375546 2.1938505185245 2.3293130864349
-1.23568412639055 -0.393256579467846 -0.999272661396502 -1.25936161499757
