4.05216546728403
3.87221864276744
-0.564750520516589
0.197142055573117
0.580836369541639
-0.34095388387624
4.15742088349401
4.11892351926803
1.30962274252337
-0.437047531203011
4.11892351926803
-0.679992015073416
-0.215239810893954
4.01124452659109
-0.938334926903888
-0.679992015073416
-0.624116996155408
-3.68661961080528
-0.374919832982916
1.42039172787902
-3.47941396501106
2.70951485446617
-3.73178928292199
-2.9473688549074
-3.31136747680766
-0.472381102343322
-2.10168391456134
2.50723163370201
1.25581959229752
-1.31454309762536
-4.01658221883382
0.486751853197523
1.50712783557324
-0.0582775532865151
-0.472381102343322
-2.80336533559863
-3.30068429155769
2.60390476375365
0.564825342657407
2.39370335999551
-3.28733912714759
1.50712783557324
2.13181555305471
-2.10168391456134
-2.14867547362748
-0.927038897497286
2.62863160597304
1.42039172787902
2.19095264770251
-2.80454206718571
