-0.792384782241339
-0.690478088172677
1.1717541207257
-1.60500474718964
-2.60054866222741
0.202600605852884
-0.796719538890219
-0.00949249524485468
-1.32477896794713
0.470004654040804
-0.458449849168603
0.0385673471987083
0.408124736498422
-0.313750809664491
-1.20995149860092
-2.41781291864779
1.9941177449398
1.32821956606912
-0.746955662217564
-2.30155036532121
-1.68444193852349
0.433551735994131
1.40885790251285
-2.6849505198355
0.298728678162306
-0.930071741134988
0.16517537778926
0.964849697339224
-0.810574814289665
1.57729533542816
-0.872814055701589
-1.13169574864111
2.03622539193585
-0.253142427342195
1.39307192451551
-1.6089989199858
0.346351770535459
0.750246810357849
0.348508599633481
-1.23159903853221
0.825594384641193
-0.894189601841271
0.345046778823995
0.538197309342342
-1.0522154738364
-0.917159940057039
-0.277695010381628
-1.61003639315951
-1.62808337566321
-1.99980901491153
-0.769807322023425
-2.0229057837313
-0.58071906609525
-0.773115761148757
-0.654606449040919
-0.199525823874983
-0.593300763609851
0.565918407751201
-0.696023701378237
-0.683251020893177
0.0666407181416952
0.868141173364401
-0.979278962898804
-1.61577572855397
-0.172639887146667
1.15766681290812
1.10601068044431
0.138963691601972
0.339140856308603
-0.599283908493312
-0.130585077272779
-1.47663494217407
0.359499271293547
0.698124911445835
0.101665062590536
-0.766122313822945
0.00681640282787763
2.42993905350543
0.568630853862383
0.85984334651693
0.436836371431009
-0.0928612864646829
3.0531061654721
-0.667807115604387
1.33953884612913
2.52011209209403
-1.17083886798248
0.516152257732656
0.827383855030097
0.610566724276428
-0.12971582921473
-1.38012287150403
0.701103466669413
0.351753443304449
0.4499310834948
-0.262084733895499
1.49080860768477
-1.09540351093992
0.00903507184925045
-0.997614844910726
1.62788368527115
-0.412796778756015
0.731514667458292
1.22265874086696
-1.12565308969649
-0.323408722835248
-0.392409669113029
0.900464981362422
-0.661730179718796
-1.28867720520827
-0.508818529372902
0.882968533973493
0.0968067581299958
0.391419127413575
-0.0163492094654669
0.189436029010882
0.123702479279116
0.464786937583139
-1.61209391410605
-0.692846872479025
1.63456877579255
-0.738516745494247
-0.734199565096556
0.277599055081164
-1.88600432987541
-0.378529050299064
-0.489635300950398
0.558218026464724
-0.585138229807557
0.640378441923034
0.0233842750303115
0.809880180217253
0.896536934198314
0.0290402555627508
0.304371239723721
1.28882727912538
0.22320297475549
1.63262271221862
0.546010756058924
-0.610233265932772
0.341394090914725
2.17305835034104
-0.27651954225924
-0.510237409810618
-0.552861839407011
-0.241198041677572
-0.936005455264957
-0.975124757049915
-0.371656121103437
-0.519546570670761
1.02287328157461
-0.995353710186105
0.167035265896283
0.276684181086719
0.201276551185684
0.0943986659730095
-0.72550515990143
-2.07440272193407
1.37846242895876
0.273656667572362
2.15628102180827
-0.294141438628766
-1.23093628403253
-0.790859286867996
0.861733744770489
0.473275563581663
0.922966060988454
-0.757482499526284
-1.85679421624047
1.58387430129977
-1.25989180158842
0.460052195733831
0.0703565202334696
1.16847371175685
-0.98104249469074
1.33468829016927
0.25822231065869
-1.12357731741708
0.372318833041949
-0.163779322315924
1.36307166098383
1.20891161747161
1.48424634744815
0.653127568062742
0.887198999367995
-0.731211904030087
-2.20199716474195
-0.636064961033034
0.437790707448401
-0.107029437259178
-1.3917395946797
-0.0780578131951204
2.51093575111508
1.79212441232064
1.7757991937872
1.93177785552557
0.538400078089949
-0.700541865541724
0.59901236200035
0.878657125055026
0.354593033880717
-0.420065685925947
-0.976121485821076
2.61498991187236
-0.248618090564589
-0.629588413751138
0.252370555644578
0.589963831818289
-0.291394560518185
-1.03658706949402
0.916343076093451
-0.646756428560327
-0.0947852612753661
0.626394093740944
0.900398101445033
-0.851926608557974
1.81309058047853
-1.16021655572704
0.942995357279405
0.758217797801498
0.374854288282857
-0.606752468728577
1.16178817314537
-1.14005220705966
-0.0269763068182826
-0.686606265311192
0.354338200765283
0.325677150401357
0.186348295009366
0.461095122250993
-2.31592043090311
0.550667861116771
-1.12625401765191
-0.837213422114898
-1.46700131344768
-0.488781185212094
-1.8225141293823
-0.855625412482397
1.26953877139088
0.180142337012756
-0.723090340714497
0.985756322723381
1.62747871337647
-2.04638187117332
1.06045374781405
0.0865846728578527
0.18209085888483
-0.222150890567737
-1.42669233787336
-0.823014169821439
-0.37859866189124
-0.603256259117362
0.14823409891052
0.453817716631165
0.377500986385749
0.846749570624611
-0.783507813942491
0.277554498965389
-0.235344318562291
-0.344930672868852
-0.951055742659754
-0.580628902696743
0.933101285997679
-0.62214890188666
0.896347903798313
2.34536804955102
-0.554082949386436
-1.1515433525892
1.25546159009334
0.721159003132738
-1.46143080573174
-0.248785460770379
-0.22322297475402
1.31906723245286
-0.6801689034906
2.06898489103038
-1.11331699646998
1.16731433644933
-0.304040782110217
-1.22184736293231
0.41023587167621
-0.616873446783009
0.047414813674171
-0.894218397777431
-0.480407338292829
-0.752241687479885
-0.24705995350033
-0.937618988346586
0.288212809172337
-0.150885992332919
-0.134654601845619
-0.188299596126058
-0.554394719515644
-1.99298615650959
1.12804099510095
-3.31468637534151
0.285052408822515
-2.21304596630812
0.237494551090751
-0.668234402610829
1.71439651039903
0.529810609255679
1.28446562796839
1.44401205997805
2.07404082354435
1.84647646551322
1.93016532283796
0.882904635108288
0.368141638886497
0.151761178126973
1.71563618685629
1.17264861552519
-0.181647310555627
-0.715586202660794
-0.322925814853004
1.71185322442463
1.65042516220656
0.56100394414961
-0.427691934673727
1.01793241023933
0.641241284623817
0.785259472525166
1.80028983666921
0.855454964120798
1.19782968727516
-1.10846418007505
1.95354153545514
-0.975053183824128
1.32819117039196
0.251732517173389
-1.40925355746909
0.0964252715459923
-0.757233506758848
-0.535719373247504
3.11128642942552
0.73911573674573
0.216921285568668
-0.274524679895349
0.117113573375711
-0.572725903569148
-0.808906164895198
1.97059388293791
-0.824061919326318
0.762931668641551
-0.109676564746764
0.44474688986836
-0.169457455303769
-0.0556090848297428
-0.364458491806706
0.349148913293129
0.83502522627308
-1.19547621174129
0.775675128482724
0.0529198484832283
1.30527175480447
-1.04352731471777
0.151757672169212
-1.61762302189393
-0.0628264387542817
0.742116262086419
-0.890105050448072
-1.19931652083747
0.410586922421181
1.59058012573064
-0.727641399810396
-0.272329214678829
1.14809876345999
0.406793468456548
0.922461320977505
0.787210091059683
-0.82258292467082
-1.57520510906475
-0.785406446099809
0.324049206039125
0.290455322003494
-0.0704638119193604
-2.74156701316155
-1.18735446996016
-1.22164360968027
-0.679362787134845
-0.0544046007359231
-1.23042544109709
1.97895493045742
1.72053207733908
-1.05332685811999
-0.847410816232161
0.730634640947644
0.516318369979676
-0.236211642907092
2.41747712212712
-1.37229717486561
1.86217674758754
1.13823171877077
1.37728896178462
0.866528580316766
-0.25212101797938
-1.75083893624898
0.481329221124109
0.719729350006594
0.520861417887866
-0.368665552970852
-1.36857377394394
1.83885978749705
2.06305998436627
-0.716796419285679
0.072525057775545
-1.73364262876189
-2.30351705596098
-1.73244280812031
-1.44117383881997
0.0857468217064701
1.07469391433881
-0.830764302614485
-0.831235267788291
-0.0551592155865079
0.640584208389697
-0.234642784833737
-0.280013161068602
0.924001878412895
-0.530744910544482
-0.134265846048092
-1.01025494069878
-0.229184119154724
-0.993929709749632
0.125632427816083
0.752501840118453
-0.464339612166954
0.699570623795705
-1.60139724139014
-0.51534769690793
1.89748023767293
0.222907272109057
-0.830912963158431
-0.618855533147018
1.01135117358072
1.2425155182952
-0.302463481724986
0.320719555735066
-0.6174681576397
-1.60355709507152
0.443351953232589
-1.14434632148177
0.976604177034058
-1.62142687803402
-0.479170712668776
1.53699708625163
-0.139241072282191
-2.42336946199817
1.50398699343266
-1.92860171183278
-1.19440808718322
-0.178988238644267
-1.14763188526565
-0.17821196075338
-0.688381268068102
1.41234951708454
1.11097568325565
-1.40222851634654
-0.840293963646877
-0.872408633241158
-0.665889468367288
0.128935818348914
-1.32646152293956
-0.476510082837825
1.82808401998438
