-1.75172402016872
0.0535960659248299
0.213976026688569
-0.665800464599348
1.14187973175172
0.948914239741041
-0.594091191987768
-2.0428827184371
-0.17768704863545
-0.000637558756967882
0.395078723693439
0.546633956827599
2.07593681997041
1.61775625689174
1.76579872470924
-0.165723016965108
-1.442126917979
-0.586025948946413
-0.0627494911493762
0.708087325628834
-1.90191587025124
-1.90510698308198
-0.0554849888355993
-1.74218944343928
-0.43550146211043
1.0071986213154
0.210214611179401
0.605865253230338
0.952252118861669
-0.693895348332279
-0.517111364036874
0.125452705009863
-0.927329305114526
-1.30643665355243
-0.762431235293949
-0.479646355386154
0.65336352992298
-0.485674251614704
-0.303698264209185
1.42227055303301
-0.084935248623423
1.17970875862411
0.992145543859598
-0.553597331744548
0.297252291270243
-0.279217725149354
1.15643192067434
-0.462536334491987
1.41765991980379
-0.354755539988437
0.96671876233122
-0.800428186796161
-0.396160746951064
0.421134447741206
-0.00644898074230637
-0.143009034997875
0.515898058682549
0.211896815312575
0.0829266882320075
-0.0962568914859851
0.942668714791878
1.21971037293248
-1.35755616693603
-1.85179580157385
-1.42546367534028
-0.727188750797025
0.612128030496307
1.09987680688917
0.730472002964111
-0.124266762633638
-1.28365725926112
0.631629880668632
0.0290394344530813
-0.879080281511185
0.592006010550221
-1.98156574051722
-0.974876198002013
-0.565541363538303
-0.764333768692365
0.676302522645576
0.571950219318727
-0.39690620720866
-0.249289686771701
0.404520391972027
-0.465773933587164
0.0951378306257507
-0.365521431298732
0.395680939984787
-0.373732974048597
0.0987882481764317
0.703710109937216
-1.72159406428783
-0.614873547104275
0.399803065300421
-1.22362000936586
0.276130383362618
-0.55917133525253
-0.371477269124446
0.190921247801805
-1.19291219082536
0.388210074525189
1.537371140609
1.48425521867367
0.659894752678417
-1.46504942933804
-0.158468508181749
0.50100147735929
-1.0046995565117
-0.763673067827655
0.176069509276264
-0.413420065447246
-0.43066532700576
-1.24047200770573
0.282153054836317
0.138578982604025
-0.351429049071213
1.77098492496504
0.500937452158626
-1.56564276536967
-0.0862975284386023
-0.000666894111089434
-0.962295065870252
-0.311634506484185
0.210281418467273
-0.354244348634084
0.126164105088315
-0.0184781759930322
1.34255210502739
-1.01918307786327
-0.604734600563969
-0.0966130162825905
2.25054438073692
1.32297927164111
0.181426419662591
2.05353095749371
1.19933725788036
-0.151431768083848
1.36665888464156
0.0939750892271242
0.0726555390882296
1.84164284764582
0.839631638261136
-0.789240180112495
0.412880788587414
0.644183347094022
0.476298013868528
-0.501569635220595
-0.956751827870972
0.0589668485887319
0.74178587925251
-1.04616694644911
1.53864553097247
1.65009250764747
0.350380249830829
0.525200622091326
-0.65841863203614
1.43948907309685
0.548349481729644
-1.22536993956922
-1.21670589521012
1.43087974574195
-0.170245081941199
-0.754842111490589
0.954995926754112
-0.15742298742671
-0.0819884002337368
-1.25752416232658
1.93851856990213
1.95182374199844
-0.454278304551521
0.496530448395095
-0.222540574660802
0.29502272909736
1.47766800659491
0.720598793128988
-0.641894316875688
-0.807103180723618
-0.86803848321432
-0.161019382838701
0.341367777515779
0.363808613793044
-0.634215364354885
-1.34504310913396
-1.00200882637037
-1.19848174862107
-0.973394279609718
0.755321441210126
1.95090329814395
0.162840936915732
1.91804341412731
0.17576800028143
-0.584934489036375
0.363927977837989
-0.983618544850491
0.606150495330207
-0.389371055440005
-1.15120272314328
-0.722106788596277
0.969485499237496
-1.17915834868362
-1.76834690862315
0.672919459033189
-0.221538984987593
-0.653038733578457
0.223183829719438
0.237513829335192
0.236231580719207
-0.82766774659504
-0.923792241123083
-0.163861275515639
0.651824424267986
-0.143125443502053
-0.707491375696714
0.869689425994175
1.57214089096313
-0.129144185530062
0.70547992120668
0.089499225091974
1.28854622965924
0.130346999227952
0.536177919883229
-0.504110210383251
1.45068480211325
-1.19615404483729
0.839791785594135
-0.647224708127289
-0.374620861557676
1.02703360402453
0.0868762848686206
-0.659992811639588
0.964041836678964
0.190723185905155
0.150165114107881
1.24338426979996
0.447435328159545
0.31892038268322
-0.155080443696537
0.689564105240941
1.33698985621519
-0.477801253074973
-2.09104494310488
0.705925229526342
-1.61173498307874
-1.7177058859218
0.655765914247023
-0.863818938435044
0.0379343253588059
0.288664086244522
-0.494468774298762
-1.1524276503147
0.847347688855908
0.041187946230086
-1.25359781375329
-1.14167260139546
0.277969838681931
0.157732964753381
-2.53707095725266
-1.02599529612838
-0.407123621824742
-1.4056440616352
-0.874485823031378
0.81317737582446
0.327285905043128
1.19638161857664
0.00268507351186551
-0.0601776201983259
-0.43536415260837
1.31157750238593
-0.363873798085401
-0.488930178332715
-1.92122283314475
-0.163125838626772
-0.709149665300814
0.569413310272855
-1.55565382596433
0.326058565634221
0.878935309317988
0.52625549257284
0.78207427871528
-0.219615808034253
1.83811514230858
-1.12417119652177
-0.350826536650887
-0.566623837814506
-0.739780789519268
1.04042565896787
0.827874646754521
0.215868224257646
0.556903720531492
1.49914964681251
0.728975278981806
-2.31612168960562
1.47499664782218
1.45649830882027
-1.57355446450246
0.445784927651391
-1.11664169639887
1.1052647337324
0.418424679677072
-1.44856852501918
-0.737264887495794
0.462399051256666
-2.53784696969394
-0.138105916967412
0.671975662826014
-1.44853796841449
1.01700650812303
0.302889355995001
-1.13478827358454
-0.183770709122516
-0.454958982398982
0.692359402595346
1.39767824352901
-1.99107130682916
0.275801848351953
-1.86916082099885
1.43147370815404
1.20704414443111
-0.324547050892136
-0.530200206881882
-1.21620928566112
-1.28844742760399
-0.595161017279148
1.48794660673911
-1.40009979009324
0.465260439636155
0.366208697700081
-0.567213794059595
-0.795695673315671
-0.278157718478754
0.847902308423874
-0.713485667918363
0.516492199325269
-0.611270588514088
0.986237141922592
1.69669953797805
-0.798751149950256
0.325595215065685
-0.902179335788174
-1.39430733407378
0.780799518555411
0.646086082065258
-0.329074409906498
1.3136148775013
-0.209677819564368
-0.394940150534551
-1.38172110769376
-1.1917105279002
-0.299751004747652
-0.24959486875953
-0.400040410573524
0.347071252056391
0.956966274403044
0.391639048061446
-0.868614997628228
0.323297436652239
-1.03093175922057
-0.452170946671349
-0.713691578562705
0.15128394049428
-0.782169915352578
-1.1793379961065
-0.538604474289561
0.845134375284464
1.08117260441946
-0.132582900401237
-0.735189822443481
-0.194353468752624
-1.32242628258223
1.08847408458662
0.0832505073208559
-1.05944611118569
2.31784063943554
-2.65974426370039
0.31990871334857
-0.561516618646004
0.0608814974730711
1.34091606962164
-1.23681862438468
-0.487713612149205
-2.03459978228265
0.504090577261851
-0.597532835140585
2.22077890611428
-0.837397576242347
1.71859431374221
-1.59527992459036
-1.24107921668522
0.0909356966378692
-0.959324313510936
-0.732219888765332
0.733304119976876
0.524724501544782
0.26569256196841
-1.31694206581985
-1.7315703605452
0.770716135715517
-0.409629809416317
0.942827267598164
0.239128801231532
-1.00754698023611
-0.259097911823882
-0.0301472236814141
1.40002736803179
0.164137196003689
-1.38769592980949
-0.291928644935929
0.568041940039347
1.85549500835342
-0.461692431250909
-1.99325011617595
-0.57670245319376
-0.635555308301603
-0.240401395996922
0.300150267304415
-2.44073942084749
-0.276025936062001
0.103099400305227
-0.270754427305154
1.01624461532895
0.861049044378707
0.165593732134687
1.20472204076377
0.475056676058623
-0.77681980853799
-0.921796223254496
0.159311855470638
2.01249184833749
0.331347915015807
-0.727355628245927
1.53910187739334
-0.927650380855523
0.668646001790944
-0.251431151030275
-2.34111214419626
0.431991835181158
-0.407055072074311
-1.87769717201566
-0.042237844479113
-0.737298163652261
-0.363989014832604
0.607915041148023
-0.338309630431955
0.03094498640419
-0.627738144438793
0.773849211065386
-3.23865481029788
-0.503743261038507
-0.50817916698408
0.222138648249174
1.74518828265705
1.37133944210619
-1.0266392051629
-0.591777286014842
-1.77580975496689
0.238240759674799
-1.8739868211437
-0.27709878082863
-0.272654091673786
0.975436357696399
1.74715215455286
-0.658712091915016
0.146707991860317
-1.27103384573773
0.321709387040128
1.09288617715153
0.756383100184642
-0.464782418998686
0.108266355942538
0.163231613696907
1.7385580490401
0.973322937331415
-0.639586260168876
-1.27811184905054
-0.665117662808417
-0.633948872834983
0.623445703738361
-0.213578318144319
0.403737937650696
0.796352171458625
0.595776737778357
-0.807752748879598
0.538272735298807
1.4831481546579
-0.718007726480301
-0.928582263359543
0.784840839274911
-1.76125475221849
-0.101308167214346
0.255175720707595
0.194215212863979
1.88602396877272
0.173138386719357
0.422186837247068
-1.2361719525085
-0.233818263100574
-1.28859603632845
0.462349200793919
0.781146172638679
0.375327274684513
0.949588939219995
1.46606681230764
0.292664320540383
-1.8217814197393
-2.62068986164762
0.895805588493895
1.06168124685073
0.176280401466982
0.520736148502856
0.635939495916689
0.749227251844078
1.2091962330989
-0.596743137970399
0.356640533341606
0.269157456136901
0.605711319670424
0.196824403842695
-0.265259236181327
-0.18388621413213
-0.280131686882885
-1.09323176386212
1.31229600231786
-1.29228500211533
-0.334827027306186
-0.589202574791065
1.6167534415793
-0.702815610229914
-0.166466342200407
-0.368304149605477
0.220171278884113
0.740310528313054
0.968571172363795
-0.322569459075871
1.05244808052372
0.779917618580675
-0.383025797900029
0.312549239905914
-2.35456878631182
0.120258877855123
-0.671479098474867
-0.853564256186012
0.292979781279659
-0.251336347690457
-0.0284165958951425
-0.571634758559325
0.543258640859222
0.198304811462496
-0.0922986451134106
0.0934191640440883
-0.197698297539606
2.5060697221888
-0.2342742966882
-0.107920990012503
0.0915874224329566
0.767232048154511
-0.412160696007436
0.414563327623197
0.064338728634469
-1.19032818115383
0.550527349623244
0.0355968141842318
1.63406346310455
0.902868979506353
0.757760254227621
1.25638367145019
1.13559451606521
-0.300005745055797
-0.649354710274595
-0.479634678284452
0.454175847535062
-0.41793027224844
0.261232691086548
0.259623440663007
0.773159254273455
0.0829000817139204
0.358540068319959
0.237445676088883
-0.00260275687558781
-0.899618329211287
0.955820211736622
1.10972380879253
0.796697459535441
1.11218206700818
-0.754288374689098
1.23262520739929
-0.219802779329745
-0.316328044083209
-2.45051953564572
-0.877234799243072
0.832248238626728
0.143806078860537
0.609007840500437
-0.707324238007005
0.179130904330491
0.594553135398007
-0.00851774005919888
-0.205811128453462
2.52507793555794
-0.75402911050266
0.488595502700195
-1.31727753992344
0.00646416454871957
1.67036147158118
1.51866288526858
0.241569045357803
0.0330067221869371
0.00605641345316249
1.56488413473572
1.03302292364424
-0.319395347181034
-0.425434101765098
0.715966990773393
0.91378323664164
-0.315494327745417
-0.964721630861928
1.38190139004749
-1.0887130611835
1.89914188195927
2.59231621306258
0.950870406043225
-0.724545144845024
0.946760981491433
-0.541971909884902
-1.13037529827131
1.56743156353526
0.206089047230861
0.0314044413625001
-0.00726195192804154
-0.902509251998045
1.43105323810286
0.288596813618237
-0.0875910079240889
-0.611636714584663
0.540376134189454
-0.533949243763303
-0.0831175854529303
-0.92824270453432
0.383170837534592
-1.40373674203338
-0.225454223844514
0.290304154059997
0.995776677093739
0.397337652105404
-0.577413559218585
1.36796467223434
-1.46921400868583
-0.167639894423979
1.38350765853725
-1.18309633452903
-0.788724240954849
-0.414483378813283
1.09086953469436
-1.107659738828
0.436071815712706
-1.58331466197584
-0.0665909441800523
-0.522060681419243
-0.15005961659627
2.51844513812461
-0.313371730821902
0.0903101429410074
-0.022848460507252
0.901316736548321
1.50320721935527
0.25940246280597
0.483681452365951
0.435695321292716
-2.3621384493846
-0.526031518267144
0.25908302407987
0.763830911431715
0.333433794439183
-0.0579703855222936
-2.45110987589344
-0.853426301985685
2.26186463514837
-0.145076308190008
0.706676147741491
1.24449346501779
-0.853240396502234
1.25173114782309
-0.357955669678775
0.0365809544282822
0.262145875514712
0.0074645927677157
-0.288636915462916
-0.796223496917609
1.4293530841169
0.49904618169519
0.549525489622261
0.450904462425942
0.457022646308068
1.02496709243326
-0.764077280511465
-1.03115382929741
-0.043045511300655
0.208548389556513
1.85194973844633
1.68616317981353
-0.830474090657408
2.94997729232582
-0.638373318665735
0.0380237445580201
-1.60592318600247
-0.0443833885980243
-0.19758050969475
1.39208558940459
0.540465079731066
1.72334820699517
-0.21836320804013
-0.254879686551121
1.45113922624787
0.89391050434724
0.167119762814115
-0.321486062155611
0.103887544061124
-1.41649771352848
-2.08496914001884
-0.5513139467229
1.47198970287419
0.0972143699865954
1.44021122584059
0.156583539976733
0.831635231707139
1.72789833327689
-0.400551023439789
-0.11058017979049
-0.223817098902616
-0.814815745646866
-0.282257574405006
0.194093837226807
-0.162055958943587
-0.436698992561839
-0.00102909761802566
-1.53266585792251
-0.368365112226752
0.381097029638417
2.00418772837107
0.408801825619157
-0.593727532142614
-1.64708135742144
0.654070339368657
0.491106346676932
0.30507491466034
0.834801513344111
1.4185727893384
1.02819138279144
-0.822998195297457
-0.193112645689268
-0.282717799492271
1.10462491323461
-0.197326970382026
0.0495151161408918
0.720571991622124
0.097706411938968
-0.783816573098243
-1.13280712576028
-0.805986128324944
-1.02570656022623
1.95151497861109
-1.32851151498309
-0.207846794516138
-0.381979235739284
-1.35169465104906
1.59191269856041
0.686360236495281
-0.0987564774988414
0.0302854524064912
-1.07396645652914
-0.304931945633342
2.1779099778794
-0.911662017666092
0.301124705756763
-0.88557885634674
0.406754479347188
0.29627936453287
1.16597556246509
1.07874239744826
-0.450931540903296
0.120271353931603
-1.26824766899163
1.84724575908084
0.749559739941181
0.0280772010629332
1.79702109439125
-0.0647747927884278
-0.590589147575689
-0.686714644891459
-1.17283039513345
-0.9173819371797
0.181480389851792
-0.921906604296899
1.39423384946127
1.13069298693764
0.19983616144275
0.5280441683376
1.19551088397427
-0.440660751976452
0.576101664067059
-0.259292971679341
-0.207136538441867
-0.234103031927781
-0.816160166898753
0.0758317277534447
0.0589570156083201
-1.61967592003546
-0.683937416135444
-0.0904031877637424
1.19712197165131
-1.80333888558562
1.16267297174261
-0.474977494794955
1.39107842742992
2.54862773896151
-0.385796013142581
-0.92976964811533
-1.21180242183947
-0.741943826782269
-0.981858094152741
0.0035301514036506
-0.409611868237301
0.855096572099442
0.189117197431135
-0.127890752236202
-0.400501603001197
-0.704009707003664
0.464285276748172
0.522249287195197
0.20302032640491
0.699688789145067
0.00232585691089109
0.842622457279786
-1.10470796689306
-0.0632751113096797
-0.346173019649617
0.365089049760617
-1.87272002823258
1.5926450233856
0.907788171440805
0.733752004272425
0.0882130669671922
0.903065231836203
-0.336092578772485
-0.555267831436565
-0.756465244513072
1.20517916654264
-0.218391330137595
0.289059729661921
1.71945142283966
-1.29695178820306
0.233202841126202
0.391877817039512
0.0818606663388275
1.91577083026985
0.622069133879777
0.694187181729091
1.71182811741552
0.178069536766429
-0.0001566289530383
-1.42513146487703
-0.75401381550761
1.60801740098055
0.395842171052082
0.0237694778395
0.212917696198968
1.12929605197048
-0.339162444607456
-0.379877367131356
-0.569757766105987
-0.71074921504953
-0.183512530209819
0.261240975746341
-0.216150480037682
2.03279697899747
-2.33304382202329
1.36623065492904
0.612526700032616
-0.78161714635101
-0.607045160336005
0.947824712631625
-0.00462100570935486
-2.08089443597543
-0.535537912611168
-0.225741868608141
-0.217607646888187
0.411265826711245
-1.01819309974416
0.425842928082038
0.819074456939074
0.0257260714761984
-0.21826605728793
0.55734730361602
1.07549936402236
-0.601100732965088
-0.387009890434424
0.44124579901316
0.172122414630729
-0.755095153829931
-2.51541185075939
-0.181331972488661
0.265472227547767
1.04626298085774
-0.69620351462512
-0.511958641924535
-0.28434075035293
-1.84303235599875
-0.0657812928537828
0.766742541953087
0.122341146133198
2.69558542737349
0.646527908853723
-0.313308415210276
-1.17831778878017
0.182605141792465
-0.532223577032957
0.309958702638537
1.12331105852916
-1.2483719159593
-0.108943391508657
-1.18792966025828
-1.43830656485386
2.2661459133818
0.615192636545784
2.32905490604584
-1.08020756008801
-1.0823721970899
-0.565577021578544
0.843704860031748
0.354651487538074
1.42678769003222
0.0291680719394746
0.354992372124883
1.30630596533916
-1.10317461111312
0.377360222836565
-0.900180386355139
0.845365573710269
-0.0385367310136112
-0.730964616814713
0.27202243802421
1.74744169385186
-1.29569949851371
0.267199663017945
0.594997127159394
-0.550992959957585
-0.027869358145776
0.50887131810285
-1.91831299081577
-2.12867118507727
-0.248627122433094
-1.49911913126476
0.910511509136434
-0.371317996099095
-0.454967803600898
0.522398682919936
0.347810704161972
1.74282254706248
0.118207629103874
-0.719604571728157
-0.982235908521385
-1.31686328470864
0.0682863176336914
-0.670548803644725
0.86999902999658
1.5502771621029
-2.74843420785505
-0.206440652952613
-1.44802476343807
-0.680113047193091
-0.101476612816979
-0.537906528885842
-0.157642719725261
0.816227226516414
-0.86978494481553
-2.53978804750426
-0.98414219741615
0.134892345848453
-1.16472594410362
0.542214901765217
0.393064067771444
-0.595474043444863
-1.10907797835404
-1.46671084687247
-0.37514576641424
0.924319185873596
1.75988079409237
0.386627868873143
-0.798412343421632
0.593858015800452
-0.955982763363213
1.17162819065156
-1.10817740086146
-0.550139893473599
0.124759011232854
-0.539356870562102
0.0576182902948657
-1.47740210311042
-0.50312988298604
-1.00655001740177
-1.11123232993876
0.511250480573967
0.233235661575517
0.0901725452510842
0.207082221683767
-0.661948434715013
-0.589034425460006
0.421354927170965
1.76469942466193
0.285033736209855
0.147225436173447
0.814932294294601
-0.560992821446009
1.62387231197193
-1.25238598800708
-1.84534240269965
1.26783616593416
-0.687790983822411
-1.06296037508426
-0.712192798980611
0.118145919207256
-1.05730449326916
0.446306811008325
0.183725798559434
0.189343272545728
-0.975307641881668
-0.574899785571478
0.664829933933863
-0.379680495345018
0.474151179055616
2.21458344023544
0.941939375727895
-0.503188914282739
-0.0935293780640222
0.54744698618631
-0.769333144139489
1.42120451882607
-0.848621483008553
0.896346466307809
0.92802646646278
0.0307553121704775
0.843344961993638
0.0441608764248185
0.541713611204301
-0.151531781318978
-0.0570400058361575
-2.57254470821859
-0.704289174083318
-2.49843542475178
1.20506844081787
0.604045391244104
0.878981646957011
-0.792216145779866
-0.606804165731961
1.47309370210202
-1.04177881124009
0.212797648830396
0.609092705352408
0.755454099858388
0.0809772732323156
-0.357529447410936
-0.380337992075928
-0.965584786338685
-0.563965527070686
-0.686471541989984
0.570927984274591
0.498249067323838
0.305752605811192
0.310998514709661
-0.0874249228954702
1.18852474682353
-1.10648201029515
0.950547307680222
-0.277933620105182
1.13333141157411
-0.870957265895408
2.7965531697671
-0.320610331237909
-0.185104882077575
0.439270401368527
-2.70339109470663
-0.337122628157674
-0.784067535464578
1.59528670898357
-0.614765057771636
-0.329640081518682
0.195326129818409
0.469838435057891
1.62388493481004
-0.788028123996053
-0.64722434755174
-1.86118462865227
-1.53404685610795
-0.764516198911293
-0.939998524920412
-0.378094321461751
-1.1349598622547
0.426744306267108
-2.75023436104214
-0.845702274256612
0.180476702336771
-0.185625253413133
-0.121556464764361
-1.15874348627398
0.56688496372993
-2.28446206592198
0.851921261591501
-0.722887857220356
-2.40905975907332
-1.37319088647489
0.136989567764119
0.453896844085695
0.404630768321845
0.724745714882915
-0.721924721538239
-0.493543727075832
0.537902508857611
0.738108133832772
-1.54383635729552
0.712952991445253
-0.772709149882884
-0.796341192584624
-0.399523053467429
0.0940607176118949
-1.7609887320979
0.296147697009213
0.541847066857506
-0.336447146190903
-1.26551822709072
0.520944642689916
-1.58960931833814
-0.70270168883419
-0.937746949850568
-0.127699801025501
-0.282459645889346
0.745621197300251
-1.82124336203781
-0.437485133139551
0.302184308171948
1.54698134543725
0.0887164135568061
0.377747396331019
-1.6236205401946
-0.623537117861176
0.544833723903847
-0.440001708593722
-0.680794438472438
0.332076602161367
0.0912294377086785
0.299850355287144
1.42148022251674
-0.27355948224406
0.174770662711655
-0.227296616192695
-1.197786235106
-0.238187095814904
-0.487911948849621
-0.798727936538162
-0.355793297036982
-0.148617970611209
-0.124282958085039
-0.491122027089567
-0.689715314707105
0.876164883731084
-0.651344302087681
2.31702311140645
0.214185006870294
0.195203932653299
-1.72076141123379
-0.59086600919267
1.6059139102727
0.290535257210263
1.605699746657
1.04090895859794
-0.0217192906615298
-0.398310632402101
0.116467820273059
-0.374309856800869
0.880096987651981
1.91672256766968
-0.834804555358549
1.05998586226846
1.75384784915146
0.15208819288975
-0.405025369914609
-0.0274969468217695
1.7101546037257
2.95972829361235
-0.697051349700253
0.368200351062382
1.09042869757863
-0.977699186638925
0.773374621194673
1.87922742867983
-1.24324786893994
1.90399820663969
-0.544503721845592
-0.228602738325948
-0.00309262349172276
-0.443824635968423
2.4309299901919
0.101968672044515
-0.211126860414609
-0.3532723906956
0.921213601228883
0.507033621828165
0.134293508533254
0.179918601966617
0.538783942156922
-1.13594413870663
1.19638283656629
-1.19300048370937
1.6926737151343
-0.102302643125231
1.85266468894217
-0.30810392133251
0.31296190658226
-1.61967897210186
0.237690040222717
0.125986992648444
0.142358484270997
-0.922170994467845
0.151420832338122
-0.529966894696982
-2.44577135611697
-1.46136833698149
-1.10960614395007
-2.1767517979598
-0.385319258395409
0.627964424814292
-0.364134354763011
-0.59577101622746
0.820277972252064
0.0897271483201671
-2.19494149003279
-0.332457717214447
0.555857736418097
0.0849492125771111
-1.25838814998726
-0.578466338079245
-0.185761955275162
-0.393345769662705
0.611624289224125
1.59201318412866
0.424110406763794
2.01781618535581
1.16040356366137
0.537693002897912
-0.449791398509761
1.61017362384689
0.625126258117372
-1.02994144581749
0.280157165360199
-0.582351443006006
-0.813020382038994
-0.0482044229640805
-0.543486569683621
-1.45497807714212
-0.966234437397779
-0.238235517403797
-1.59297611216512
0.747120876422395
0.861329904333284
0.217136088651127
0.737183550277257
0.859650461678435
-0.0829030293723102
0.127402582493145
-0.288106622738743
-1.2195764826245
-1.70711446746292
0.297849082374628
0.807722155360131
0.51697840889412
1.5673672924351
1.52447788695321
1.15712560683579
-0.195018817591235
-0.332183642354508
-0.747370662471446
0.504278239015466
-0.878786152420173
-0.122704565374785
-0.71808721645454
0.861934911538258
0.766422850635969
0.0195383368318549
1.58072193224974
-1.47613442409307
-1.6905039317785
-0.717364186917659
0.964156076761335
0.409056879869403
1.75476435542629
0.257879190432058
0.655636998626243
-0.362421630644086
-0.540249684800683
0.500285391541711
0.185654160305489
0.745047086658642
1.04590230386692
0.521510386069684
-1.50353949247514
0.569612464002978
1.48994020344972
0.739747116472681
1.80467176066414
0.209617306268069
-1.49792357927777
1.37703837570448
0.426119014139568
0.482365341818145
-0.201288253240072
-1.49427139406011
0.310109843566915
0.645154469336307
0.136810825873955
-0.251432123214996
0.475500823852778
-0.558081435649137
1.35932593858015
-0.99282000735862
-0.832144051460315
1.27834248870568
1.64205786030934
-0.816737918520738
1.53674721817617
0.27816565948954
0.809760994277273
0.512849979645155
2.91598835442858
-1.57151527490322
-1.56911630506615
-1.16921396126585
0.934865697348529
-0.0256954231418698
0.578078665336014
-1.66916374438547
1.20842823367927
-0.352125887032343
-1.14653661939275
-0.608922475184256
0.903932728316538
-0.0715907496354125
-1.20762717855805
-1.41700291244786
-0.270175008713934
0.736777846636567
-1.91067241048806
-0.175268221097422
-0.724358795359724
0.144062707107361
-0.452782206497063
-0.549711206260373
-1.97754790271706
1.30210843369239
-1.19452943377919
-1.15901875684601
-0.250666437981746
-0.102715784069093
1.02428996162285
3.82893381077225
-1.52968773489339
0.118819265869357
0.119807884767482
1.14573155058869
-0.396061935559044
0.645220907991114
-0.899745379940492
-1.4025151220209
1.69344957005729
1.40349179586085
-0.386953609518416
0.552460149970409
-0.590045940479069
0.786264617913035
0.807719113727866
1.4690060826319
-0.5258755204926
1.44340661968763
-0.450150194625079
-0.488109825511372
-0.375777893155039
0.568440093082571
0.24807125636676
0.527884441261926
-0.663470928914724
-1.33026921012884
1.62706816514664
-0.624238393263275
-0.125412290514886
-0.998334837017402
0.0859559180145382
0.120370426952736
-0.424338280484443
-1.20239316209113
-0.963139254447882
-0.728476130166157
0.602472978959638
-0.859674648630639
-0.318084965837959
1.37668417214663
0.999351939596308
1.01360933933046
0.290161275451839
-0.675808958755841
0.754008896531537
0.486349589063295
-0.48139567561713
0.72981529103891
-0.217534718980081
-1.35795164109492
0.314340522715344
1.79893326647208
-0.43224002534598
0.384433428242288
-1.16811054088896
-0.00291121773188004
-0.2235633692429
0.456271549770921
0.84819317112514
-0.38179507377226
0.979812374068909
0.230589357977718
0.283810965947671
-0.696815733602913
-1.1220967444354
1.68758456143355
0.88196359416903
-0.155653586546203
1.0905813013866
0.00453443516472732
-0.786774421567743
0.474535329063496
1.91021242064013
1.08115377399047
-1.88391727971765
0.271336859287582
-0.690359117155935
-0.728887183237469
1.61511138348174
0.0995412556529583
0.310205052889798
-0.203561191219608
0.733079598982368
1.07080054795572
-0.8279804435464
1.40570832851086
0.44958093857699
-0.0669907908878419
-0.140119493118847
0.593463592531502
-0.436120773077839
0.24367009022799
0.769829002712358
-0.579698628002567
-0.337829969071393
1.54295745054537
-1.96123856053495
-1.04224295671774
-0.2672930591421
-0.181164296951332
-0.385321857825834
1.72140374203954
-0.0756354552264013
1.06964776754321
-1.74374978670003
-0.562119093377142
-0.458051185658979
-0.116307136323854
-0.195359674940314
1.14383972144533
2.35552071077081
-1.96794419236579
0.637372264293878
0.439372246638877
-1.35454695611875
0.378247927166127
-1.87712070169353
-0.140364592549557
-0.319826487545645
-0.503155256683949
-0.371001338602144
-1.69684724833465
0.862531115338487
0.0560393602897942
-0.800831336701005
-0.995439331327304
0.488131543512893
0.39178828158375
0.809927041274116
0.316806442172693
0.0564279534095952
1.49899966058032
-0.333947570274982
-0.960740248810843
-0.527290867480968
0.309893386176966
-1.12197978280994
2.03164487138913
0.0911231799544147
0.134722713407744
0.874377021652683
-2.46122185312397
2.41116003206904
0.207727348781889
-0.830194543618524
1.08636802710237
-0.477304895000883
-1.00722891615685
-1.79879712832548
-0.835491317476358
-0.322943410686449
1.84945553758522
-1.89562919292031
0.233284877692421
0.91531633103377
0.33744239022897
0.906340374938561
1.66283520333842
-1.06123102820028
-0.554527934793089
-0.887548720452476
-0.526720583306574
1.84854109276539
0.276561647313816
1.21382423349822
0.528953001604929
-0.929000211162799
-1.11721610410497
-1.14617505571956
1.62930958488664
0.336591280527722
-0.70580509491704
-1.57848446455853
0.273882537405084
-0.982677732092916
-1.85666005606071
-0.144847267383351
1.73541246885472
1.32548464153014
0.341434428888953
1.12221197811993
0.536467428200765
-0.44270483985768
1.24113119994882
0.10866798439753
-0.895091691563338
-0.807756558648531
-0.307627259973336
-0.444381490651647
-0.879456975490125
-1.61141448860555
-1.58546459392213
1.0426865831389
-1.42884910650668
-0.507343091709607
-0.195126783087016
0.478382246391145
1.38771368633063
1.87862240672023
1.40799494044128
-0.0912734781885488
0.803567448863975
-0.976395703865016
0.303529253402089
-0.111082275816235
-0.428230687204717
0.626717929693493
0.504570760960576
0.202744594868187
-0.10611509477556
-0.842689460513499
-0.813669835745563
0.309784463703583
0.861328677870697
1.52514925439827
-1.78106353112062
-1.30750253458722
0.661566884633084
-0.866693314032692
-0.853448293866648
-0.34992692394207
0.597055309798451
-0.562095192514812
0.472831551401897
0.774041837419076
0.747463046589902
-0.738816963330374
0.414950621214154
-0.825004148293763
1.97391694459678
-2.99860183533884
1.3920202433499
-1.28914534178077
0.21241139898289
-1.37558177586243
0.729418958658796
0.643432844022379
2.12408643245264
1.55599946094342
0.759617152720018
-0.898234075701554
-0.707752336443125
1.39681506606934
0.176271257112432
-0.841875432300384
-2.11282507022066
0.0773144997909104
0.719126201518867
-1.48324039962865
0.239556128578382
0.487026054857452
-0.18241590329043
-1.98883028827957
-0.729828365162608
1.38229703803978
-2.13320043141216
0.353275788095107
0.469610180989828
-0.479163230290844
-0.354094814519889
0.136803805158553
0.624321862196405
-1.55193441468802
1.235885942317
0.269406005920706
0.489462847810326
-0.593460687987654
0.163875987105416
-0.125208207721414
-0.34512953000894
1.34842850392428
-0.283277034866418
0.771850023859883
1.19047775691477
-1.54405244071661
2.28576421978375
1.15713345660291
-0.478400597132264
0.293748890480326
-0.275551323516308
0.78737829446508
-0.14785770908646
-0.0361908286603104
-1.36197020663936
-0.749385892300278
0.798720052111104
1.46303295618202
0.333838360283215
0.00738750112351423
-0.150615385641421
0.244745168846127
1.10873588340674
-0.410733314387522
-0.0166034877224949
0.485846627142054
-0.943565486073896
1.67143140441619
0.899422716138464
-0.352077090160677
0.554530777531214
0.759650701592883
-0.110154381257031
0.809240202912785
-1.24555610813605
-1.34569021022952
1.07276601931695
-1.62896743794781
-0.705190599457587
0.305518848556868
-1.11741187226907
-0.883057575396646
-2.34596735964015
-2.06826670341574
0.522743083653988
-1.54700940740456
1.54332295441598
0.340888394104202
2.82197165116509
1.0737515699532
-0.443279562668617
-0.0382538291061189
-2.17050545585776
-2.14032887649457
-1.07242483551939
0.90211256654982
1.36809040197209
0.318874872364701
-0.939559008633195
-0.206646436266443
0.111894204834348
0.78199046474472
0.226037720121205
0.407510557172445
1.64666200934447
-1.3840698115754
-1.09686269503036
-0.824366305001977
0.105932266118829
-1.09541151768026
-0.749869107389899
-0.220775105104666
0.362003391486256
-0.106090305801696
0.699421267594483
0.850337154906411
-2.39390770865817
-0.198755286410773
0.130993551956107
-0.215630117990647
0.887071398109075
0.499388033110251
0.863388560929305
1.42730934050106
2.12586538454701
0.199841672391058
-0.180346183271724
0.404883972561958
-0.0929330315125786
1.23283581159926
0.0893610575447602
-0.582996395507747
-0.823575472554385
1.24368640471602
-0.997972467711173
1.01816087301787
-0.742964236305522
-0.293227145644486
0.22430876285412
0.130711290864375
1.52971476055258
0.402565815650709
0.756381002930031
-0.035194546479794
-1.16384732076803
0.0445642052169566
0.882604566615795
-0.570390062360794
-0.592454406737923
-0.698744975658496
-0.643672763603727
1.46650299571603
-0.893259895104719
0.914233429759383
-0.246504737971162
-1.44053766129594
-0.986946111874958
1.30704071017887
0.309825486721675
-0.364791128767753
0.942357194097494
0.337146742427414
-0.699962449913905
-0.561701064770486
-1.58953501600091
-0.0247517527212672
-1.08222693489918
-0.433581016661866
0.968668233633219
0.982751064723628
-1.31632071535485
0.0711148091218814
-0.286286873296402
-1.3248028079131
0.258912805032686
0.698124797994929
-1.49296000717161
-0.889824628342183
-0.431048156917343
-1.67550750833128
0.818208557726106
-0.267277338109394
-1.37340280321253
-1.61909219614124
0.490203468311157
-0.545786123104859
1.33240263502728
-1.45200664228345
1.78852826609004
-1.64060261519567
-2.27977198961521
-0.620871686544966
-0.185385636933953
0.369458931358474
-1.01829385224539
-1.146543800207
-0.93651108530002
0.863579839161903
-0.425933154481608
0.457285455959015
0.252279747679703
0.261300373715021
-1.14089917212018
-0.696017874613952
0.746718454095529
0.411549910089658
-1.43735083149369
-0.28576824620533
0.416264432337202
-1.04489422941703
-0.767332711982226
0.333439127508638
-0.153449336152988
-0.929772164035305
-2.11274087595667
1.52413434460831
1.33239729925552
-0.519387321972847
-0.314077710680676
0.204718145199138
-1.23030128248652
-0.163008178627839
-1.37870969024969
-0.987246061247182
1.04867074712301
0.0364387646184183
1.48024124480138
0.990566151645813
-0.824761844332783
0.0441983837544108
-0.377368696255486
-0.000474090526404125
-0.153521461006561
2.23981443045142
-2.06290573178486
0.537731844855047
-0.506952665069469
-0.690165370463879
1.12168868402623
-2.68869007545245
-0.0616834329151567
-0.890241467407102
-1.46643233228603
1.8136812600807
0.895290415586901
-0.237290635091224
0.229105175381446
0.2212588588248
-0.467230262765519
-1.61133247341562
-0.500804532437906
0.169371918809082
-0.775595462106366
-1.65501290111507
0.132078108789981
-1.31788327701084
-2.62041936573223
0.668037548178949
-1.62987563858496
-0.523613383466618
-0.558209463119706
1.10116288286274
0.494860279908336
0.407230412136092
-0.431026175135357
0.56218073027909
0.373097685274651
1.36431623804122
0.445492247548183
2.99276774640615
-1.282075315729
-0.449696785935251
-0.948094111223312
1.974960350295
0.732024430885976
-0.206737277623487
1.12318771974308
0.487653011500251
-0.594116570996004
1.50584589834884
0.383290312952137
-0.542575931709664
-0.394056921522966
1.44943048451529
-1.01122204609696
-0.228355751010525
0.498525903290033
-0.844235250188207
-0.293135587836079
-1.2273436598735
-0.555363651527428
1.17220950365897
0.288592112945452
-0.346271065743373
2.46571707062827
0.359210040692128
-0.37566519862649
1.52468315226245
-0.755743068654151
0.212644444384705
1.86364980519598
-0.241960347356965
-0.514151971146981
-1.76534435995032
-0.388668351592251
0.947322092627559
0.576972363690648
0.949094038838638
0.605149434622982
0.136274517116576
1.03103335931839
0.913045491302882
0.298420503695874
1.48702656347766
-0.978094754970041
-0.188483054282714
0.554200174830339
-0.246150475692304
0.607072017357175
-1.02958037120269
-0.801176761392468
0.860558709641237
1.01261109999527
-0.76070950638198
0.782592460561731
1.62904894454273
0.193764114143446
0.648378426817658
-1.53067603879973
0.229067463408039
0.700557220692636
-1.55995458727567
-0.956071410923904
0.615875939324269
0.146972233863182
0.526557176338445
0.0691223098987915
-1.26088253550828
0.000748089615656774
-1.21194880113979
-0.777070353485769
-1.04975684706892
-0.625455660479693
-1.22834742070687
0.0794696093940907
0.860620855788186
0.971150013284294
-0.0639691405277195
1.29877214288733
-0.772870756386846
-0.601934726598259
-1.19123090792008
-0.416934432705204
0.712964376579639
1.60336399695948
1.37158189650273
-1.17303635506016
1.1811878030129
0.630424527910534
0.982156095062084
-0.0529529459544016
0.126127234983477
-1.78874082094421
0.685940494959956
-0.992389434583707
-0.766715321817252
0.57268560633245
-0.709561729936425
0.140452508571708
-0.859683567324582
0.846135190463433
0.460164904694617
-0.627427727704586
-1.01778747430357
-0.123933532488212
1.05633718967651
0.761159943852277
-0.0817393628248882
-0.428977944663507
-0.420143576651888
0.219566029245996
1.16330631501922
-0.358863314284118
-0.1837236054601
-0.721039312802016
-0.693045750530127
-2.98024885561465
0.851539655393242
0.497786609147522
-0.23688081340125
-1.91269138502182
0.780636432187583
0.650232175944042
-0.882435789682306
0.818951217216481
-0.0557674870233175
0.0310684929115434
-0.555046376933281
0.87495905980105
-1.40920008885867
0.25316029475404
0.742835631051002
0.0807791732305304
0.203661065323523
-0.150642573111485
0.566876560534956
0.548854739550691
0.552960484542944
0.270776790838032
