0.598323532416169
2.09626655834901
-0.191499272202473
1.14602429031076
0.601648428248841
2.05872087447499
-1.14409359299467
0.384028204665684
0.598323532416169
0.598323532416169
-0.299566930687944
0.844094341817169
-0.299566930687944
-0.299566930687944
-0.133698721444414
-0.133698721444414
0.598323532416169
0.83298760357368
0.561526686806044
0.166659069932876
1.13999278952319
0.561526686806044
0.201513875633396
-0.299566930687944
0.561526686806044
0.561526686806044
-0.299566930687944
-1.08801949088621
0.561526686806044
0.379806637792546
0.148870182612447
2.05872087447499
0.957104340521045
0.361302233445152
0.818323626421549
0.201513875633396
0.818323626421549
0.379806637792546
0.104213913515336
2.05872087447499
-0.580726033564106
0.284432521695626
1.44188776949737
0.379806637792546
0.903308326539446
0.905714309865245
-0.777780896182945
1.26653946861331
0.905714309865245
0.443671694495349
