4.7657220437765
3.93442473671926
6.24616804988927
10.3192893641093
4.93426654491683
3.74615397288196
-3.54782041298455
-1.55038426448976
4.7657220437765
4.7657220437765
2.45815575196281
7.76780769739921
2.38007505944953
3.08552935616336
4.27809865922564
4.56430074535525
4.7657220437765
0.3518038946023
4.74576777843164
-4.78777501447224
10.6987854639121
4.7657220437765
-4.82962816743337
2.45815575196281
4.7657220437765
4.7657220437765
2.45815575196281
-3.32824406568208
4.7657220437765
4.61526580417259
-0.689193314696965
3.74615397288196
10.169067569658
3.77521870887101
7.84485013659874
-4.82962816743337
7.84485013659874
4.61526580417259
3.8451753886083
3.71816527957062
-1.5641499298522
3.98882492510925
-1.10909149292789
4.61526580417259
10.0609742554489
10.1975757240828
1.57623751524995
0.3518038946023
10.1975757240828
6.89472181507976
